lii: 208.996002 
bii: -19.260527 